T_S = 10e-3